1 17 2778
2 69 1113
3 9 1927
4 137 1866
5 188 798
6 17 1039
7 152 749
8 77 1985
9 12 1652
9 66 1008
9 139 2053
9 39 737
9 16 761
9 3 1927
9 130 2392
9 91 2565
9 133 1729
9 105 2293
9 17 2283
10 174 952
11 150 1118
12 9 1652
13 132 318
14 31 2973
15 17 270
16 9 761
17 9 2283
17 15 270
17 89 2161
17 172 980
17 38 432
17 62 885
17 164 1409
17 26 1467
17 136 2098
17 44 2281
17 43 2604
17 160 460
17 6 1039
17 1 2778
17 102 1178
17 41 2008
18 188 1176
19 82 2195
19 196 1004
20 114 1155
20 151 2481
20 103 466
20 22 1510
20 159 1804
20 95 1284
20 137 1385
21 132 632
22 20 1510
23 188 472
24 96 1172
24 88 507
24 25 2143
24 63 938
24 84 363
24 199 1333
24 163 986
25 24 2143
26 17 1467
27 108 575
28 188 2669
29 114 2616
30 195 1332
31 52 1569
31 14 2973
31 124 1537
32 69 1445
32 107 2890
32 138 486
32 185 543
32 195 647
33 51 534
33 168 2961
33 64 2096
33 150 841
34 67 2192
34 147 2525
34 50 1581
35 108 1878
36 52 2362
37 70 121
38 17 432
39 9 737
40 137 2277
41 17 2008
41 77 2131
42 114 729
43 17 2604
44 17 2281
45 127 1249
46 124 1399
47 132 1755
48 51 2097
49 122 176
49 67 592
50 34 1581
50 65 2508
51 70 962
51 193 700
51 53 266
51 48 2097
51 94 1773
51 198 1692
51 33 534
52 171 2068
52 36 2362
52 74 2159
52 76 1506
52 31 1569
53 51 266
54 70 2786
55 152 872
56 188 1597
57 108 2246
58 72 2475
59 186 1894
59 112 118
60 195 2356
61 77 870
62 17 885
63 24 938
64 33 2096
65 50 2508
65 187 2207
66 9 1008
67 49 592
67 189 669
67 34 2192
68 163 735
69 112 2922
69 143 1577
69 156 1592
69 101 1911
69 2 1113
69 145 2228
69 146 1386
69 32 1445
70 188 2440
70 71 1108
70 54 2786
70 37 121
70 51 962
71 70 1108
72 124 185
72 141 1000
72 58 2475
72 127 1202
73 93 2239
74 52 2159
75 77 1772
76 52 1506
77 41 2131
77 61 870
77 8 1985
77 85 2345
77 110 2134
77 100 1169
77 179 2339
77 83 1028
77 75 1772
77 155 595
77 190 605
77 188 1282
78 115 1531
79 122 1322
80 108 1631
81 114 1691
82 187 265
82 19 2195
83 77 1028
84 24 363
85 77 2345
86 108 374
87 181 1980
88 24 507
89 17 2161
90 195 2592
91 9 2565
92 171 591
93 127 1861
93 73 2239
93 122 2140
94 51 1773
95 20 1284
96 195 762
96 158 2215
96 24 1172
97 132 1849
98 137 2853
99 150 1326
100 77 1169
101 69 1911
102 17 1178
103 20 466
104 177 995
104 175 2461
105 9 2293
106 188 130
107 32 2890
108 137 1648
108 86 374
108 27 575
108 184 2493
108 119 2022
108 57 2246
108 123 1047
108 120 136
108 80 1631
108 35 1878
108 157 503
109 137 931
110 77 2134
111 188 120
112 59 118
112 135 1020
112 173 707
112 116 484
112 194 2682
112 183 1225
112 69 2922
113 188 2347
114 181 441
114 192 867
114 197 2904
114 29 2616
114 162 895
114 170 567
114 142 500
114 81 1691
114 42 729
114 20 1155
115 157 2909
115 176 1938
115 78 1531
115 178 1802
115 152 2989
116 112 484
117 127 2737
118 132 2009
119 108 2022
120 108 136
121 152 111
122 93 2140
122 79 1322
122 49 176
123 108 1047
124 31 1537
124 46 1399
124 72 185
125 152 566
126 132 2085
127 72 1202
127 117 2737
127 45 1249
127 93 1861
128 188 2702
129 188 325
130 9 2392
131 137 1365
132 152 406
132 47 1755
132 126 2085
132 21 632
132 118 2009
132 13 318
132 97 1849
132 186 101
133 9 1729
134 195 1527
135 112 1020
136 17 2098
137 20 1385
137 40 2277
137 98 2853
137 131 1365
137 109 931
137 154 2000
137 200 2059
137 4 1866
137 108 1648
138 32 486
139 9 2053
140 149 969
141 72 1000
142 114 500
143 69 1577
144 196 2419
144 153 495
145 69 2228
146 69 1386
147 34 2525
148 188 2829
149 174 323
149 140 969
149 171 1503
150 33 841
150 99 1326
150 11 1118
150 181 1183
151 20 2481
152 115 2989
152 55 872
152 7 749
152 125 566
152 121 111
152 132 406
153 144 495
153 177 1782
154 137 2000
155 77 595
156 69 1592
157 108 503
157 115 2909
158 96 2215
159 20 1804
160 17 460
161 188 585
162 114 895
163 24 986
163 68 735
163 182 1121
164 17 1409
165 188 2479
166 188 1912
167 195 2932
168 33 2961
169 171 2393
170 114 567
171 149 1503
171 169 2393
171 180 628
171 92 591
171 52 2068
172 17 980
173 112 707
174 182 2435
174 10 952
174 149 323
175 104 2461
176 115 1938
177 153 1782
177 104 995
178 115 1802
179 77 2339
180 171 628
181 150 1183
181 87 1980
181 114 441
182 163 1121
182 174 2435
183 112 1225
184 108 2493
185 32 543
186 132 101
186 59 1894
187 65 2207
187 82 265
188 77 1282
188 191 1243
188 148 2829
188 161 585
188 23 472
188 165 2479
188 129 325
188 5 798
188 18 1176
188 128 2702
188 106 130
188 166 1912
188 56 1597
188 28 2669
188 113 2347
188 111 120
188 70 2440
189 67 669
190 77 605
191 188 1243
192 114 867
193 51 700
194 112 2682
195 32 647
195 167 2932
195 30 1332
195 60 2356
195 134 1527
195 90 2592
195 96 762
196 19 1004
196 144 2419
197 114 2904
198 51 1692
199 24 1333
200 137 2059
