1 3130 119
2 4098 3778
3 133 2938
4 2326 4993
5 595 4896
6 4633 2636
7 823 846
8 3130 4894
9 2326 2719
10 133 3843
11 823 3980
12 2550 5530
13 4281 4693
14 2573 4405
15 3472 1435
16 509 1549
17 328 1702
18 4444 4128
19 4763 3802
20 1367 5727
21 328 4568
22 2573 4162
23 1367 5903
24 4082 5584
25 4860 3238
26 133 1727
27 4633 438
28 509 2671
29 1824 117
30 2550 470
31 4444 485
32 328 1719
33 4737 224
34 2752 1019
35 737 4656
36 1454 3757
37 4737 1142
38 4633 2042
39 945 116
40 133 1382
41 329 806
42 560 559
43 3130 1430
44 1707 2142
45 595 5879
46 998 4822
46 3015 2536
46 3705 883
47 2550 3944
48 133 1503
49 2959 5654
50 4514 2584
51 133 4501
52 1224 1837
53 595 5430
54 2326 1458
55 509 3986
56 3130 3065
57 3130 281
58 2404 5445
59 1367 5640
60 4082 248
61 3130 782
62 2752 5636
63 3130 596
64 945 2259
65 2550 2372
66 4669 220
67 133 5434
68 1302 433
69 2752 448
70 945 3891
71 3472 3519
72 595 3276
73 2164 2769
73 263 3623
73 1716 2135
73 3354 5962
73 2589 451
74 595 5673
75 4669 3841
76 3130 3624
77 1273 2954
78 1454 1148
79 3130 4802
80 4444 5414
81 945 1077
82 354 3069
83 1367 2210
84 2550 2826
85 3130 158
86 4737 2270
87 4018 5941
88 2404 2893
89 3130 5948
90 4737 2446
91 1367 3455
92 4082 4132
93 560 1793
94 3130 135
95 4737 863
96 3130 2609
97 945 5647
98 2944 3939
99 3601 4760
100 133 3697
101 328 3701
102 945 2698
103 354 3606
104 737 2866
105 1273 3097
106 4737 5134
107 569 5442
108 354 4458
109 2752 2177
110 3510 3442
111 328 5092
112 3472 5283
113 509 3573
114 945 4311
115 2326 3592
116 4618 186
117 3130 2856
118 560 4909
119 2588 3017
120 945 3311
121 4250 318
122 4444 368
123 945 2766
124 4082 5869
125 3593 4469
126 4737 2755
127 4633 2550
128 945 4817
129 595 3502
130 328 2429
131 4669 2891
132 4633 2505
133 2491 4386
133 4019 4066
133 552 3737
133 1823 1398
133 1919 1651
133 4427 2500
133 3394 4215
133 4473 3974
133 4316 4445
133 10 3843
133 3378 2349
133 3071 1473
133 3497 1976
133 4500 162
133 2530 5491
133 3947 3381
133 1467 3382
133 40 1382
133 3742 4849
133 4944 2929
133 4083 5098
133 3010 469
133 3807 1230
133 507 3364
133 4975 4239
133 4044 5960
133 1683 2065
133 221 2402
133 3981 4813
133 4426 4314
133 1539 4124
133 4393 5775
133 2999 5536
133 1498 4443
133 878 1354
133 2362 706
133 3380 843
133 2212 1465
133 3 2938
133 2549 1707
133 404 494
133 3293 1610
133 3815 1420
133 1773 472
133 1317 4630
133 2578 3601
133 665 525
133 3818 5285
133 426 3383
133 225 5158
133 1183 5656
133 853 561
133 4502 617
133 3016 3038
133 2380 5562
133 1343 1034
133 816 795
133 3899 3801
133 48 1503
133 195 5257
133 3791 4526
133 4213 5031
133 4531 3913
133 846 3405
133 975 218
133 2031 3643
133 1503 6000
133 100 3697
133 1706 1694
133 4619 267
133 4214 1925
133 1500 1573
133 3506 4769
133 4310 3733
133 1221 2689
133 4703 3540
133 565 4632
133 136 5030
133 1811 917
133 3718 1766
133 2886 229
133 1222 2308
133 4292 275
133 1852 928
133 2770 3428
133 4556 3041
133 583 3042
133 2332 2392
133 3437 235
133 1781 4926
133 2492 820
133 2972 2820
133 645 5275
133 1223 1602
133 4772 3542
133 2275 707
133 4165 4483
133 651 3746
133 2670 1848
133 2635 1611
133 586 2982
133 612 5936
133 205 4757
133 1984 4765
133 1319 4401
133 496 4737
133 2429 169
133 4802 2720
133 2056 291
133 1853 5797
133 3701 2418
133 542 4243
133 2306 2048
133 1586 2161
133 3938 2740
133 3426 1888
133 4761 445
133 51 4501
133 67 5434
133 1250 3735
133 3997 615
133 1207 1728
133 383 1385
133 460 2535
133 1618 3018
133 865 5878
133 1813 3497
133 4280 5626
133 3100 1836
133 2957 181
133 4976 4286
133 3561 4671
133 2464 3150
133 4810 2583
133 2305 2182
133 794 4995
133 3554 5789
133 2680 2024
133 1769 5114
133 4305 2871
133 1805 5300
133 3470 3178
133 1726 4738
133 4692 215
133 4677 3539
133 4159 4288
133 366 1900
133 827 3881
133 452 1896
133 1938 2669
133 4546 5404
133 454 2977
133 228 213
133 660 1939
133 2962 2839
133 611 273
133 2046 2091
133 1666 5253
133 1746 2116
133 2417 3825
133 805 2353
133 3217 4059
133 4224 1500
133 3169 5071
133 2026 5820
133 516 4101
133 697 3904
133 3557 1383
133 690 5572
133 2823 537
133 2885 2120
133 26 1727
133 3612 3100
133 3105 860
133 1453 1983
133 1553 5249
133 938 4837
133 2483 202
133 2266 2283
133 2310 916
133 326 1568
133 2990 5334
133 1651 3834
133 3704 4182
133 760 1911
133 3334 3191
133 2561 504
133 1219 2460
133 1408 1286
133 1362 1858
133 4566 4645
133 2792 3256
133 1435 1337
133 3057 1659
133 3307 2103
133 3957 5312
133 3708 1063
133 560 4924
134 604 1188
135 354 4811
136 133 5030
137 1273 2668
138 4669 4302
139 509 2403
140 2326 1332
141 595 2335
142 206 5393
143 3544 4699
143 1286 721
143 3098 2775
143 767 3708
144 3130 482
145 2752 665
146 3593 1887
147 595 4745
148 2326 3075
149 2944 4424
150 3130 490
151 945 3397
152 1367 1785
153 4281 3927
154 823 4089
155 4281 3719
156 2752 5422
157 2573 2682
158 328 2020
159 509 1397
160 823 3686
161 2752 5388
162 595 1241
163 2326 2043
164 595 5132
165 945 1754
166 2604 3866
167 3472 3969
168 2326 1306
169 328 5001
170 4082 1942
171 1224 2391
172 2326 259
173 4082 2969
174 4737 4293
175 354 800
176 595 3039
177 945 4450
178 1273 5578
179 569 1151
180 2404 2294
181 2326 1175
182 604 936
183 4514 4400
184 4250 4708
185 3411 5624
186 4737 4687
187 328 2734
188 595 891
189 1454 2287
190 2550 3552
191 328 342
192 945 5168
193 3130 1174
194 945 1107
195 133 5257
196 328 924
197 2326 3155
198 328 5489
199 927 3990
200 4862 1972
201 4281 4141
202 509 308
203 2975 4372
204 2326 233
205 133 4757
206 329 2860
206 2248 2731
206 3023 1690
206 4137 4046
206 4625 4906
206 4956 5260
206 1281 2232
206 4233 1108
206 142 5393
206 3852 4428
206 4096 5923
206 4798 692
206 1725 1979
206 2720 4781
206 2614 5239
206 4261 1539
206 1109 3830
207 2326 5834
208 2171 5058
209 4633 2676
210 2752 5541
211 927 959
212 595 564
213 2550 3700
214 2752 4786
215 2326 1288
216 560 4510
217 737 4505
218 945 3740
219 823 4504
220 737 4158
221 133 2402
222 1273 2608
223 737 852
224 945 501
225 133 5158
226 595 1638
227 737 2494
228 133 213
229 3130 1654
230 595 2325
231 945 3873
232 595 307
233 354 1424
234 927 5653
235 3544 1225
236 3472 2618
237 4281 547
238 3411 1518
239 2550 3931
240 4737 5371
241 4737 3491
242 526 5448
243 3130 531
244 4737 2906
245 4737 4798
246 2752 4453
247 595 4490
248 2752 1864
249 945 3948
250 3130 853
251 4737 4008
252 2752 1692
253 4737 2605
254 354 4492
255 2752 575
256 737 2302
257 328 4537
258 569 5808
259 2975 3277
260 4454 1454
261 328 3769
262 2752 227
263 73 3623
264 1394 5413
265 595 821
266 509 801
267 595 1074
268 595 1905
269 2959 2581
270 560 5980
271 354 1781
272 4737 5374
273 509 151
274 1428 2714
275 4281 2394
276 4082 718
277 3593 868
278 3472 2268
279 526 4843
280 2752 5564
281 3130 3886
282 3472 4592
283 2905 2986
283 1404 1571
284 1367 1965
285 2550 4653
286 4633 1572
287 2944 1456
288 354 1936
289 509 2678
290 354 2933
291 945 4054
292 1367 4747
293 1109 1258
294 2752 1091
295 3756 3554
295 998 5206
296 945 1224
297 526 3501
298 3130 5694
299 328 5187
300 555 132
301 604 1271
302 2752 3768
303 2326 3962
304 2326 373
305 945 2122
306 509 4638
307 595 1122
308 4737 1423
309 4082 602
310 2752 1693
311 4250 2984
312 2752 5498
313 509 4836
314 1367 2334
315 354 760
316 328 5333
317 945 1664
318 945 3556
319 569 1262
320 328 1811
321 2959 1855
322 4250 3154
323 543 1558
324 3593 1871
325 595 2094
326 133 1568
327 509 4298
328 1824 5663
328 3967 4715
328 3189 176
328 2866 5595
328 1042 3370
328 1521 4666
328 4498 5889
328 2764 4052
328 2775 426
328 613 5768
328 4374 2156
328 529 5426
328 3235 5614
328 3615 906
328 707 5487
328 1171 4570
328 101 3701
328 198 5489
328 4268 3222
328 3218 4578
328 4660 1277
328 2538 249
328 3949 5865
328 4032 2450
328 3863 2700
328 2370 2846
328 4356 3152
328 2709 558
328 4762 1778
328 32 1719
328 2055 3748
328 373 4552
328 688 3857
328 2788 1708
328 1100 772
328 979 4167
328 4328 4081
328 540 3408
328 867 2516
328 777 5610
328 2363 3859
328 187 2734
328 444 1722
328 809 195
328 2213 4395
328 2921 4180
328 3572 2889
328 1025 1839
328 196 924
328 1637 1884
328 4938 3827
328 2652 5123
328 1774 1850
328 158 2020
328 3983 1543
328 2478 1587
328 2590 1567
328 2425 804
328 4076 4859
328 2591 1613
328 3397 554
328 2226 2193
328 3312 4251
328 1668 2428
328 111 5092
328 2662 717
328 1970 2915
328 4247 3696
328 2091 2129
328 1685 155
328 594 3422
328 2148 5916
328 4637 1790
328 2125 1670
328 1150 4908
328 1742 3766
328 2841 1869
328 320 1811
328 731 2566
328 4939 3368
328 21 4568
328 4824 1490
328 2799 326
328 2229 1203
328 1083 3651
328 1786 3472
328 4885 1552
328 4189 2312
328 1296 1894
328 3430 1546
328 2184 4319
328 1415 1026
328 4708 1477
328 3905 4581
328 3732 1039
328 2040 668
328 2527 545
328 1162 212
328 2988 3511
328 1097 2726
328 798 126
328 2172 4198
328 1355 2945
328 850 3576
328 4055 5740
328 2455 3835
328 3636 1591
328 3555 584
328 3481 4470
328 169 5001
328 514 4775
328 4814 5816
328 1474 3734
328 451 3961
328 782 1326
328 1277 2822
328 1792 5794
328 1783 4678
328 2877 2624
328 1878 3608
328 801 2118
328 4458 4065
328 1656 5340
328 316 5333
328 1738 3484
328 3697 4599
328 257 4537
328 4973 2166
328 3505 2635
328 4390 2108
328 3079 5437
328 3875 1004
328 1591 902
328 2936 3290
328 3509 2901
328 3892 3012
328 1180 5592
328 3379 5256
328 3207 1510
328 2777 777
328 3502 3092
328 4201 2035
328 3645 1295
328 3724 1209
328 3369 2835
328 2844 1076
328 1490 5926
328 4013 3045
328 420 3555
328 933 3559
328 3624 4103
328 2819 4447
328 575 4003
328 497 3716
328 1833 5599
328 4896 2181
328 3980 888
328 1995 4902
328 4573 5166
328 3900 3726
328 3936 5416
328 3474 2733
328 1036 3313
328 3881 3741
328 3211 5203
328 2424 1268
328 3200 658
328 429 253
328 3267 790
328 3575 769
328 4587 2434
328 4723 2364
328 3240 5264
328 743 607
328 4991 3819
328 2446 4367
328 2842 386
328 3948 2073
328 3161 5874
328 910 5831
328 1413 4975
328 130 2429
328 1311 5814
328 2623 5644
328 2422 5701
328 4553 293
328 4612 620
328 2328 1315
328 4673 4893
328 3234 1574
328 2524 2688
328 2309 4347
328 4760 2413
328 191 342
328 2032 4114
328 3832 3991
328 1593 2092
328 4143 5148
328 889 1411
328 652 5432
328 4853 468
328 1958 2552
328 2763 2934
328 2016 4233
328 2980 4087
328 3221 2545
328 4841 1941
328 3156 578
328 4585 3634
328 4031 5024
328 1193 3767
328 4706 3842
328 2314 3390
328 261 3769
328 2119 4374
328 2052 4873
328 4326 4149
328 3337 207
328 1644 1041
328 1128 3968
328 3152 1969
328 550 1769
328 1240 2304
328 2144 3844
328 856 4778
328 3115 4284
328 299 5187
328 2934 2593
328 4045 3053
328 2559 631
328 3282 2390
328 1555 5169
328 717 1150
328 4858 634
328 4391 3852
328 2264 1205
328 4180 1590
328 2443 1628
328 1094 5649
328 1976 1521
328 2541 3255
328 3767 1088
328 4998 3420
328 553 2864
328 4357 4348
328 4961 3198
328 3549 5688
328 1628 5155
328 17 1702
328 4481 3237
328 710 3205
328 1776 2274
328 3431 2034
328 595 1673
329 1394 4337
329 4340 3862
329 2179 4978
329 1753 2810
329 793 5583
329 4653 5421
329 1051 2109
329 2738 3001
329 4243 5989
329 4734 2427
329 662 498
329 41 806
329 2181 389
329 3827 5073
329 3595 2275
329 206 2860
330 595 2844
331 945 5189
332 4250 5410
333 945 2415
334 4618 3710
335 560 5049
336 1367 3711
337 4514 390
338 354 1989
339 354 2672
340 4633 3250
341 1273 3032
342 509 4227
343 737 4776
344 2944 382
345 1367 486
346 4250 3351
347 4618 347
348 4618 5576
349 595 3009
350 354 2825
351 1707 3019
352 823 2004
353 4737 4274
354 2959 321
354 4230 1147
354 4240 1768
354 1341 601
354 135 4811
354 4662 5068
354 4327 3487
354 4940 3203
354 1722 261
354 1939 5984
354 1448 5409
354 3665 3346
354 1914 826
354 1765 2243
354 4020 2194
354 4034 5739
354 1279 5082
354 4123 849
354 1962 2918
354 2802 672
354 2280 3970
354 3323 2010
354 808 2149
354 2423 2113
354 4624 691
354 2908 1450
354 4651 2532
354 971 1426
354 3074 5570
354 2215 3838
354 3265 5661
354 713 1117
354 315 760
354 2861 2673
354 3569 4772
354 2916 3908
354 4935 4283
354 487 839
354 3113 287
354 2849 3693
354 530 2847
354 4174 4981
354 669 5756
354 1560 1803
354 1253 819
354 3231 2966
354 4399 5823
354 271 1781
354 4236 5723
354 2648 5497
354 1421 3342
354 4766 5407
354 1379 2526
354 3261 1732
354 672 5080
354 2974 1250
354 696 1355
354 3063 787
354 445 1800
354 3610 2233
354 3315 3665
354 3603 459
354 4507 2721
354 1395 2660
354 1316 2985
354 288 1936
354 290 2933
354 1195 363
354 3906 5508
354 1964 174
354 4602 1254
354 922 1445
354 3412 4598
354 443 4707
354 2843 4449
354 3825 1560
354 1152 128
354 233 1424
354 1960 1823
354 2586 5629
354 350 2825
354 3793 1750
354 2986 4689
354 670 3193
354 566 1208
354 2966 3823
354 4709 516
354 2699 2637
354 1378 1032
354 4710 131
354 1929 613
354 1799 491
354 3976 4530
354 1575 4174
354 1356 3249
354 4254 5372
354 2696 2876
354 3534 2206
354 4389 4831
354 946 2759
354 4776 2782
354 3819 3517
354 4338 210
354 1149 5394
354 1096 3204
354 365 973
354 2716 208
354 4379 4020
354 1928 3717
354 4693 2920
354 2781 1189
354 2169 484
354 4412 1380
354 934 2172
354 4629 5915
354 1590 5548
354 338 1989
354 974 3438
354 1983 511
354 3357 4279
354 3965 1281
354 3812 1812
354 2097 1386
354 4351 4660
354 3653 2855
354 1342 4783
354 1533 3912
354 4069 5670
354 1606 2465
354 2416 1735
354 82 3069
354 339 2672
354 4880 5363
354 1887 4191
354 3904 4931
354 2537 4664
354 2174 2701
354 2713 4209
354 2421 5532
354 103 3606
354 3709 1433
354 3483 975
354 108 4458
354 1122 384
354 2710 1824
354 3365 5862
354 2114 2685
354 2192 3893
354 1936 3526
354 4463 4984
354 3112 5971
354 3330 4933
354 4806 4816
354 836 704
354 3272 4159
354 1565 2200
354 2347 696
354 442 980
354 175 800
354 4864 1741
354 2858 1112
354 1841 3640
354 3132 4522
354 1648 5747
354 955 2744
354 3353 1377
354 1027 1924
354 4334 2175
354 1332 3172
354 4246 3570
354 775 2422
354 412 5846
354 1000 1001
354 915 4165
354 4321 3312
354 3770 1804
354 3934 4090
354 1918 755
354 4041 4852
354 2505 401
354 1898 3435
354 254 4492
354 526 333
355 2573 4384
356 2752 3598
357 595 4157
358 4633 2396
359 3411 1321
360 3130 5615
361 945 3680
362 4082 5589
363 945 3615
364 4633 2425
365 354 973
366 133 1900
367 4082 194
368 2250 3267
369 2550 3345
370 2752 4312
371 4514 693
372 2752 5424
373 328 4552
374 595 5401
375 1454 896
376 4669 5296
377 1273 4331
378 2573 4356
379 1454 5288
380 509 399
381 4862 5204
382 4737 3453
383 133 1385
384 595 120
385 604 4733
386 2959 4138
387 945 5097
388 2404 5469
389 4082 1581
390 2404 5309
391 560 3783
392 595 2687
393 3130 2060
394 2752 4370
395 604 5133
396 2752 4434
397 3130 5707
398 3472 570
399 4737 4506
400 3130 5782
401 1454 840
402 945 428
403 509 5738
404 133 494
405 2752 3197
406 560 5932
407 3130 753
408 509 3114
409 1273 1878
410 4737 3040
411 927 2611
412 354 5846
413 4082 2467
414 4082 3589
415 3472 5299
416 2404 3812
417 1454 3929
418 4737 5306
419 595 5479
420 328 3555
421 3411 4391
422 2959 5143
423 1224 466
424 4737 2138
425 560 4152
426 133 3383
427 3472 3358
428 2959 200
429 328 253
430 1367 3168
431 2550 4943
432 2752 1370
433 2752 4680
434 2326 1516
435 4618 175
436 3130 2675
437 595 4555
438 4281 1236
439 3510 2368
440 1367 4622
441 2944 5376
442 354 980
443 354 4707
444 328 1722
445 354 1800
446 823 3298
447 526 1343
448 927 2157
449 1367 2557
450 4737 3594
451 328 3961
452 133 1896
453 3593 338
454 133 2977
455 595 2872
456 509 923
457 2326 5501
458 595 4515
459 4444 1347
460 133 2535
461 4633 1586
462 595 4064
463 1367 3248
464 4669 346
465 3411 4886
466 4082 2657
467 1454 5402
468 2951 2381
469 3130 3066
470 4082 1217
471 595 5172
472 3593 1953
473 595 4897
474 595 2331
475 569 5708
476 1224 512
477 2752 5157
478 4763 2055
479 2550 3083
480 3130 3414
481 4862 1100
482 2550 2961
483 3601 1723
484 3472 3545
485 560 4099
486 3472 113
487 354 839
488 3593 1265
489 2326 3138
490 4082 4755
491 4250 3527
492 2752 1038
493 3130 4320
494 4737 2248
495 526 1434
496 133 4737
497 328 3716
498 595 1061
499 1224 2228
500 560 5995
501 2326 1136
502 927 393
503 1367 3033
504 2326 4650
505 4669 4095
506 1106 720
507 133 3364
508 3130 3452
509 4633 3849
509 1015 3296
509 266 801
509 834 1275
509 3237 2099
509 306 4638
509 919 5524
509 3553 2899
509 3440 3395
509 892 5585
509 1794 1371
509 3450 4290
509 1166 2649
509 1626 3326
509 3413 833
509 3227 3531
509 3648 2941
509 3208 5015
509 4368 5781
509 4519 1449
509 273 151
509 3137 4016
509 1879 1508
509 2457 1889
509 1266 4925
509 1016 2692
509 1900 5381
509 3707 874
509 4574 1998
509 2470 1570
509 4106 417
509 2868 383
509 1256 3577
509 3129 1029
509 1571 862
509 909 5035
509 1326 2784
509 3683 4509
509 4559 5776
509 1070 2039
509 819 1223
509 4112 664
509 2543 258
509 2784 1744
509 289 2678
509 1961 3170
509 403 5738
509 628 1410
509 1755 3433
509 1368 879
509 2798 3418
509 3908 2974
509 1536 2266
509 3455 2789
509 1198 3804
509 4099 5726
509 1848 306
509 3916 918
509 3286 3945
509 4288 297
509 3652 278
509 1642 5103
509 658 1530
509 2433 3739
509 113 3573
509 3780 2067
509 4385 4408
509 456 923
509 4194 2369
509 1577 4392
509 3174 1975
509 4962 3304
509 2239 4130
509 3275 1943
509 1030 3957
509 2500 4960
509 2912 1031
509 2984 1700
509 940 4560
509 4120 4459
509 1952 2472
509 3013 2654
509 4436 4670
509 773 845
509 2774 5990
509 342 4227
509 797 3528
509 3467 1133
509 327 4298
509 1182 5729
509 3684 2405
509 956 1559
509 4947 562
509 4943 5702
509 2283 5346
509 3000 5759
509 2812 1767
509 1185 2221
509 3761 413
509 1456 1731
509 159 1397
509 4279 108
509 3196 3744
509 2879 1961
509 4533 5223
509 3236 411
509 729 2560
509 698 4041
509 16 1549
509 646 5331
509 3025 5419
509 1003 3337
509 1779 2023
509 380 399
509 1203 3377
509 139 2403
509 1979 1774
509 28 2671
509 3784 5893
509 666 1809
509 852 1636
509 4258 3645
509 3516 2324
509 3332 4294
509 2420 4872
509 4085 5152
509 2889 4808
509 4569 2169
509 799 3133
509 992 3314
509 3794 478
509 2664 2863
509 2346 4460
509 4063 3073
509 1274 268
509 1875 5468
509 1375 3490
509 1118 4076
509 408 3114
509 1701 5375
509 4508 5919
509 1595 3796
509 55 3986
509 2701 3965
509 1663 1294
509 4188 2115
509 1732 5555
509 3930 4154
509 2634 5872
509 2289 4418
509 2041 4883
509 2715 4713
509 202 308
509 948 3997
509 4952 285
509 1559 1199
509 2772 3564
509 3187 4112
509 313 4836
509 2585 319
509 4924 2907
509 2830 5406
509 677 4150
509 3556 2008
509 1494 193
509 4228 4746
509 4392 2031
509 2839 2947
509 1369 1197
509 1696 1952
509 3303 284
509 2206 4461
509 2525 1955
509 1106 3498
510 4737 3728
511 2326 3659
512 823 4619
513 1273 3715
514 328 4775
515 4082 4624
516 133 4101
517 4250 3320
518 4737 5492
519 595 3878
520 927 1132
521 560 1842
522 2404 2139
523 1394 3494
524 4082 2579
525 2550 604
526 354 333
526 692 2090
526 2876 3287
526 3926 2250
526 4837 5188
526 4022 1669
526 3545 878
526 4456 483
526 4511 5557
526 738 5706
526 3487 4330
526 2043 2551
526 1860 1582
526 704 1641
526 4822 4860
526 3986 727
526 912 1422
526 2506 2836
526 3618 1013
526 1156 3115
526 4581 1685
526 2806 3995
526 1883 1598
526 4084 689
526 2186 5480
526 1806 2104
526 2080 1296
526 844 1141
526 3710 310
526 2638 1097
526 4696 1257
526 4855 1210
526 1038 1913
526 3841 5617
526 2939 3725
526 1254 2435
526 495 1434
526 4335 1875
526 4487 5221
526 3594 2808
526 599 4732
526 3871 855
526 1245 2763
526 2364 4877
526 4554 1890
526 4971 5609
526 3605 2749
526 1037 3129
526 3299 1318
526 1526 3764
526 1863 5396
526 447 1343
526 297 3501
526 1859 3903
526 2263 2168
526 2678 2217
526 3360 4194
526 1720 1795
526 5000 3709
526 771 2192
526 3911 1290
526 3358 4937
526 630 933
526 941 2534
526 3424 214
526 1160 476
526 949 2502
526 687 4472
526 242 5448
526 279 4843
526 3664 983
526 3661 3810
526 2528 5906
526 4403 2346
526 1579 533
526 3606 546
526 4380 5417
526 4232 2811
526 903 359
526 1788 3441
526 1576 361
526 4633 2885
527 2752 256
528 945 3005
529 328 5426
530 354 2847
531 4737 2246
532 2944 1139
533 4737 4414
534 2404 5084
535 1367 5063
536 2573 5315
537 4454 4433
538 4633 2014
539 2752 4672
540 328 3408
541 595 5182
542 133 4243
543 3510 1917
543 4413 5907
543 753 1513
543 2663 1078
543 4231 279
543 4538 2633
543 2386 5902
543 4046 4195
543 4548 4412
543 3880 4075
543 4110 5431
543 4142 573
543 323 1558
543 4038 5668
543 755 3177
543 548 3533
543 4454 5568
544 1824 978
545 3130 312
546 4098 2570
547 2752 4404
548 543 3533
549 3472 3399
550 328 1769
551 823 999
552 133 3737
553 328 2864
554 2752 3653
555 1428 5493
555 1046 1498
555 621 4057
555 3998 3211
555 2178 294
555 2520 5843
555 4769 5686
555 1403 5784
555 3987 4615
555 2149 1027
555 300 132
555 1464 5231
555 3942 626
555 1807 380
555 4065 3325
556 1367 4970
557 4514 5588
558 2752 409
559 1367 2326
560 133 4924
560 42 559
560 3099 4160
560 335 5049
560 4004 5047
560 216 4510
560 2115 5104
560 3184 3225
560 485 4099
560 3592 2077
560 3658 3499
560 3946 1163
560 812 2436
560 1646 694
560 2555 5877
560 4388 5477
560 863 5255
560 4875 1442
560 4532 817
560 1684 3650
560 1821 1605
560 406 5932
560 118 4909
560 1388 2488
560 2265 4345
560 4266 1561
560 1991 4289
560 2917 4074
560 500 5995
560 4418 157
560 4752 2143
560 270 5980
560 2066 2663
560 2821 517
560 3346 540
560 4242 289
560 3765 230
560 3578 1874
560 93 1793
560 2157 3305
560 2533 953
560 3571 952
560 391 3783
560 1138 4499
560 4088 4577
560 4449 1950
560 2145 5178
560 1796 4285
560 770 5905
560 1144 1245
560 1772 1957
560 4164 5332
560 4114 3798
560 3896 3535
560 2176 2783
560 2277 1418
560 1847 5988
560 3328 3963
560 2401 930
560 2023 1414
560 4241 5109
560 4852 3809
560 2891 730
560 3254 3285
560 2412 1944
560 4468 5032
560 2085 5087
560 3139 4211
560 3251 2336
560 2445 3507
560 4455 3141
560 1052 4898
560 4739 429
560 2724 4063
560 2390 851
560 2808 3264
560 1380 1360
560 1705 2544
560 425 4152
560 3659 1755
560 521 1842
560 1582 1968
560 2697 3167
560 1516 3688
560 4570 2021
560 2657 1494
560 2326 2084
561 3130 4990
562 1367 1541
563 4082 1221
564 4737 2902
565 133 4632
566 354 1208
567 1707 4794
568 737 2594
569 2951 834
569 319 1262
569 4807 3492
569 3183 5551
569 3816 2927
569 2795 5839
569 2827 3146
569 1406 5974
569 3061 3994
569 930 4379
569 4346 3461
569 3625 487
569 648 3228
569 3140 2237
569 1963 201
569 994 4487
569 258 5808
569 179 1151
569 2434 1849
569 4141 1901
569 475 5708
569 107 5442
569 967 2569
569 3028 5631
569 4227 3483
569 1060 2679
570 3130 4888
571 4737 2621
572 4514 2912
573 2959 5807
574 4737 5804
575 328 4003
576 3472 3440
577 2326 764
578 2589 680
579 4082 5347
580 2326 2481
581 737 1222
582 595 649
583 133 3042
584 1367 4110
585 1273 3415
586 133 2982
587 3472 2518
588 2326 697
589 2944 2565
590 4669 1229
591 595 3575
592 2326 1194
593 3472 867
594 328 3422
595 328 1673
595 1247 4093
595 1869 1196
595 2324 5120
595 4970 1532
595 4401 2229
595 986 3837
595 4638 4595
595 3107 1861
595 2432 4200
595 4595 3223
595 5 4896
595 45 5879
595 3314 2208
595 4601 4474
595 4663 2888
595 989 788
595 3993 1051
595 473 4897
595 455 2872
595 2757 3188
595 2024 1033
595 474 2331
595 1981 5920
595 3787 3335
595 2183 4045
595 2270 3496
595 471 5172
595 4186 5529
595 2204 4540
595 2300 223
595 1188 5633
595 1635 1514
595 4731 2281
595 325 2094
595 1361 3378
595 1693 2385
595 3371 5538
595 1687 1406
595 2910 4574
595 591 3575
595 230 2325
595 1563 3082
595 392 2687
595 3795 1630
595 2258 1298
595 4315 2742
595 498 1061
595 1601 4315
595 4598 3486
595 4432 3120
595 1896 898
595 2002 1259
595 4682 1677
595 1815 2690
595 1234 5451
595 437 4555
595 3456 2053
595 3570 2931
595 871 111
595 1426 574
595 384 120
595 1390 3510
595 4721 3648
595 3519 3226
595 3527 748
595 2486 5453
595 4958 612
595 2901 1773
595 962 1305
595 147 4745
595 2407 3861
595 419 5479
595 2345 1171
595 1255 1470
595 2852 2400
595 2981 3632
595 1836 5535
595 2733 1098
595 983 3894
595 2180 2230
595 966 5758
595 349 3009
595 2397 2098
595 212 564
595 763 5390
595 2840 2723
595 1120 161
595 2778 1173
595 4256 4240
595 4167 2832
595 3845 2705
595 1880 427
595 164 5132
595 330 2844
595 53 5430
595 2325 1135
595 4108 3260
595 3404 5779
595 4428 3430
595 1988 543
595 734 3771
595 2847 2940
595 4488 4122
595 1588 4954
595 2354 813
595 4661 4484
595 3822 4417
595 4803 5327
595 458 4515
595 4977 1083
595 1392 1169
595 1639 4889
595 3377 622
595 1532 1921
595 3449 4163
595 1948 3076
595 1489 695
595 855 5766
595 267 1074
595 3552 5106
595 4520 5284
595 1572 4667
595 3504 4825
595 4518 5046
595 3044 5274
595 681 5379
595 4513 4923
595 2630 985
595 2575 5360
595 519 3878
595 654 5176
595 2605 4721
595 1966 3537
595 1913 4226
595 2642 2521
595 2173 4512
595 2076 4625
595 2875 5185
595 3513 3610
595 2343 4759
595 541 5182
595 4866 5181
595 1301 761
595 4819 3869
595 3318 2798
595 3092 3002
595 4139 2694
595 2225 4437
595 1672 5289
595 3168 2096
595 307 1122
595 3185 4053
595 4133 988
595 3925 1910
595 4478 576
595 2572 4394
595 2894 3781
595 1201 4845
595 1127 5964
595 4113 1487
595 4144 366
595 3720 4940
595 890 3360
595 582 649
595 2969 2013
595 3951 1903
595 2920 4036
595 2943 4007
595 2256 2407
595 2389 1052
595 1881 2028
595 4576 1481
595 162 1241
595 3566 969
595 265 821
595 2259 4876
595 2790 5975
595 675 2176
595 2243 3161
595 4217 1928
595 72 3276
595 3444 2033
595 4499 5611
595 268 1905
595 2598 3449
595 3197 747
595 3128 3704
595 4834 2761
595 1702 4147
595 3089 3122
595 226 1638
595 2804 150
595 1090 2910
595 129 3502
595 4265 138
595 2892 1536
595 2284 5518
595 4649 3331
595 1348 420
595 1985 3534
595 4086 1322
595 2674 134
595 1734 5121
595 4545 3261
595 1335 2051
595 4016 2441
595 2089 5605
595 1146 713
595 3531 4795
595 1598 1588
595 2209 2203
595 232 307
595 4565 5386
595 374 5401
595 1692 2318
595 2293 997
595 3847 1366
595 4887 2645
595 2194 5699
595 462 4064
595 3111 4799
595 2012 2930
595 1102 5642
595 2028 2873
595 1747 5554
595 2231 5238
595 2718 1379
595 3970 922
595 3186 4301
595 1057 2262
595 1251 5301
595 1062 2793
595 1674 3283
595 2057 5184
595 3124 2205
595 2681 4629
595 176 3039
595 1855 3010
595 3749 2709
595 4918 4187
595 1804 890
595 831 5679
595 1552 2159
595 188 891
595 3830 3993
595 1649 4258
595 2235 2201
595 2676 5009
595 1770 2914
595 3341 3391
595 1941 690
595 2909 3021
595 4932 2119
595 2102 5621
595 2689 5632
595 3438 2967
595 995 2978
595 3977 4750
595 4037 4847
595 247 4490
595 3499 5947
595 2855 1214
595 357 4157
595 2296 3454
595 3894 1373
595 4666 1658
595 789 3821
595 1338 3544
595 3959 4181
595 3421 1496
595 1009 1866
595 3754 1064
595 2237 548
595 4017 3909
595 2867 4224
595 4729 1233
595 3537 5303
595 3813 3979
595 1767 2061
595 141 2335
595 1584 3171
595 1047 2903
595 928 4562
595 3757 4516
595 1357 3295
595 1857 3724
595 1365 3956
595 4494 2788
595 1968 4676
595 1580 1046
595 4367 698
595 74 5673
595 3797 2541
595 4681 3586
595 1730 5940
595 2466 4397
595 2870 1684
595 1441 5281
595 2789 1073
595 4082 4756
596 3472 2071
597 4514 1066
598 2959 3966
599 526 4732
600 927 2183
601 945 5825
602 945 355
603 823 480
604 3472 1393
604 3059 1937
604 2510 3964
604 3914 5209
604 2415 3403
604 3952 2491
604 2426 1417
604 3924 960
604 1754 2603
604 4670 3816
604 4983 5050
604 1238 4432
604 2616 1853
604 1653 5763
604 134 1188
604 3975 2277
604 395 5133
604 1176 329
604 709 2680
604 4193 360
604 1605 2130
604 385 4733
604 4910 5005
604 1982 5696
604 3525 618
604 3383 4323
604 4949 5044
604 4438 1402
604 1719 168
604 735 560
604 3480 2344
604 1688 1006
604 3301 2117
604 3019 3334
604 3935 4229
604 1086 1292
604 301 1271
604 4116 2265
604 3969 1316
604 182 936
604 1978 447
604 2991 5928
604 823 2548
605 2959 3460
606 4737 2309
607 945 2875
608 4633 2630
609 945 5486
610 4737 1912
611 133 273
612 133 5936
613 328 5768
614 4082 5860
615 2404 3130
616 998 5858
617 927 5081
618 4514 1325
619 2326 3085
620 3472 3125
621 555 4057
622 1273 1392
623 3130 4517
624 4737 454
625 2944 1274
626 945 458
627 1707 4220
628 509 1410
629 3510 1920
630 526 933
631 1454 1667
632 4082 348
633 4669 583
634 2573 123
635 2752 2333
636 945 4214
637 4737 4309
638 2326 685
639 3472 2884
640 2752 1990
641 3472 5329
642 945 209
643 4082 3729
644 3130 3307
645 133 5275
646 509 5331
647 823 4948
648 569 3228
649 1367 5321
650 1864 122
650 2288 858
650 4271 4267
650 1472 3003
651 133 3746
652 328 5432
653 3130 3077
654 595 5176
655 1454 4967
656 2752 4237
657 2959 683
658 509 1530
659 4065 5676
660 133 1939
661 945 1930
662 329 498
663 2404 1620
664 2550 3872
665 133 525
666 509 1809
667 1367 3026
668 2752 2858
669 354 5756
670 354 3193
671 927 3386
672 354 5080
673 2326 3579
674 3130 5803
675 595 2176
676 823 5925
677 509 4150
678 3130 3410
679 1367 385
680 4669 4028
681 595 5379
682 4737 4223
683 927 3656
684 4669 1484
685 2752 3938
686 737 2792
687 526 4472
688 328 3857
689 3510 1054
690 133 5572
691 1224 5330
692 526 2090
693 2326 4153
694 3411 3279
695 3601 1407
696 354 1355
697 133 3904
698 509 4041
699 4250 5565
700 3130 1576
701 3510 3106
702 945 3599
703 945 5978
704 526 1641
705 4737 2280
706 823 2080
707 328 5487
708 4250 3551
709 604 2680
710 328 3205
711 3130 4829
712 3130 5967
713 354 1117
714 2752 1474
715 4737 950
716 2944 1087
717 328 1150
718 2752 1090
719 3601 925
720 945 1714
721 2944 2881
722 3472 521
723 1707 1618
724 2573 4988
725 927 5684
726 3411 3239
727 2944 1578
728 4737 2958
729 509 2560
730 4737 2956
731 328 2566
732 3130 146
733 1824 4682
734 595 3771
735 604 560
736 2573 3468
737 4281 4946
737 2268 3672
737 1217 4358
737 4957 4892
737 3671 5870
737 1470 148
737 1534 1716
737 3686 4870
737 936 3525
737 3542 370
737 2932 5090
737 3458 1124
737 1391 5677
737 3170 3173
737 2814 1810
737 4529 563
737 3909 1111
737 2865 3795
737 3874 1201
737 1363 467
737 3811 4058
737 1518 2937
737 1169 301
737 343 4776
737 1682 5875
737 256 2302
737 1262 4790
737 1159 4887
737 1614 637
737 3093 4607
737 3490 2443
737 2565 3504
737 35 4656
737 104 2866
737 4906 3079
737 2060 2373
737 2705 5110
737 568 2594
737 3587 5859
737 4325 4442
737 4260 951
737 2193 5048
737 1519 3614
737 1550 2809
737 223 852
737 2800 1996
737 686 2792
737 581 1222
737 2323 5183
737 227 2494
737 2406 1365
737 3376 1856
737 2580 4282
737 3012 4225
737 4812 2845
737 4674 1724
737 217 4505
737 1119 3087
737 985 2321
737 4757 2960
737 4360 4261
737 959 1788
737 4122 1467
737 2013 2510
737 1884 3522
737 4609 5314
737 220 4158
737 1814 2323
737 3396 4134
737 3375 3917
737 3327 3949
737 4915 2329
737 1950 335
737 4036 2573
737 1630 1807
737 4626 5692
737 3472 2417
738 526 5706
739 2573 240
740 2604 3806
741 3130 699
742 4082 3636
743 328 607
744 3472 3159
745 927 5601
746 2944 5475
747 2573 5900
748 916 364
749 2752 3404
750 2550 4586
751 2404 3705
752 2326 625
753 543 1513
754 4514 4039
755 543 3177
756 4082 2411
757 4514 4503
758 4082 1595
759 2752 4422
760 133 1911
761 4082 3213
762 4737 991
763 595 5390
764 4082 2299
765 3130 539
766 2959 5618
767 143 3708
767 3398 2063
767 2073 2946
767 2898 1115
768 3130 4803
769 2959 3356
770 560 5905
771 526 2192
772 945 509
773 509 845
774 3130 3906
775 354 2422
776 2752 381
777 328 5610
778 4082 1977
779 2326 3755
780 4737 2735
781 4514 2111
782 328 1326
783 2944 4652
784 945 313
785 4082 4752
786 2975 4426
787 3593 1324
788 2171 5382
789 595 3821
790 1394 3871
791 4514 5730
792 4082 1279
793 329 5583
794 133 4995
795 3130 686
796 1367 4620
797 509 3528
798 328 126
799 509 3133
800 2752 4402
801 328 2118
802 4737 3151
803 4281 5144
804 4669 2361
805 133 2353
806 945 404
807 4454 1783
808 354 2149
809 328 195
810 927 1882
811 1367 3521
812 560 2436
813 945 2646
814 4444 4821
815 4618 2973
816 133 795
817 2752 2311
818 4082 3350
819 509 1223
820 1707 2293
821 3130 895
822 945 1531
823 604 2548
823 4679 1186
823 2410 3099
823 3126 5956
823 3429 5587
823 154 4089
823 3760 5258
823 2548 3458
823 4711 3777
823 1298 3808
823 4827 3185
823 4210 4228
823 4200 311
823 4011 3394
823 3651 3023
823 4184 1919
823 2698 418
823 4832 1471
823 2846 822
823 1437 4205
823 2503 3813
823 1337 2861
823 551 999
823 1800 4603
823 4705 5509
823 3886 877
823 3626 4867
823 7 846
823 2643 2606
823 2608 3466
823 4402 674
823 2556 4694
823 4150 1240
823 3399 244
823 603 480
823 1294 2354
823 4329 452
823 4411 4951
823 1088 5815
823 4582 2383
823 4833 3034
823 1354 3773
823 512 4619
823 1061 5519
823 2418 4974
823 1785 1926
823 1955 1830
823 3021 2597
823 3182 5556
823 4132 4396
823 3778 949
823 676 5925
823 1091 2110
823 3902 4583
823 1529 4441
823 1609 1883
823 2244 1144
823 4400 4044
823 3629 783
823 4754 932
823 3454 2909
823 3018 758
823 2331 5899
823 2628 1017
823 3568 4201
823 2494 744
823 1971 1062
823 4901 2804
823 4043 243
823 857 3790
823 1417 3558
823 968 2145
823 4787 5014
823 2451 5117
823 219 4504
823 972 3751
823 3834 296
823 3134 5128
823 2201 3327
823 4010 3072
823 647 4948
823 2816 5811
823 11 3980
823 2303 624
823 1024 324
823 2568 3259
823 1992 2643
823 2465 1820
823 4869 2388
823 4118 5455
823 706 2080
823 4876 5603
823 993 754
823 446 3298
823 3350 1374
823 160 3686
823 2518 4413
823 3004 1759
823 2191 5732
823 1455 1721
823 2271 811
823 839 880
823 4437 2451
823 352 2004
823 4669 5703
824 4669 302
825 4669 1517
826 3130 5720
827 133 3881
828 4098 5662
829 4514 3699
830 3756 2787
831 595 5679
832 2326 1519
833 4514 1583
834 509 1275
835 3130 2303
836 354 704
837 1367 3720
838 2326 5638
839 823 880
840 4281 503
841 1824 5944
842 945 2258
843 1273 726
844 526 1141
845 4633 5237
846 133 3405
847 3472 5326
848 4669 837
849 1367 3774
850 328 3576
851 3130 2987
852 509 1636
853 133 561
854 2573 1854
855 595 5766
856 328 4778
857 823 3790
858 1367 2493
859 4065 3745
860 2326 1862
861 2326 1796
862 2550 641
863 560 5255
864 945 1131
865 133 5878
866 4737 5033
867 328 2516
868 4082 3603
869 916 1992
870 3472 2317
871 595 111
872 945 2615
873 3411 3609
874 2752 5484
875 2326 3989
876 945 5544
877 916 5322
878 133 1354
879 4281 2291
880 2326 277
881 3472 2831
882 4082 2695
883 945 3336
884 2752 4430
885 2944 5704
886 1707 4554
887 4737 5245
888 4633 5054
889 328 1411
890 595 3360
891 4514 1081
892 509 5585
893 945 2059
894 2326 4930
895 1367 2355
896 1367 492
897 2428 1566
898 4737 2951
899 4669 5006
900 945 5205
901 945 3421
902 1707 3215
903 526 359
904 945 4249
905 4082 3308
906 1454 2267
907 1454 5067
908 3130 3207
909 509 5035
910 328 5831
911 3472 901
912 526 1422
913 4514 4949
914 945 3457
915 354 4165
916 4514 872
916 999 5318
916 4948 905
916 4117 1607
916 3581 1743
916 877 5322
916 748 364
916 2793 424
916 3864 5752
916 2020 4941
916 3633 4446
916 869 1992
916 2404 5405
917 4737 5057
918 3593 2859
919 509 5524
920 2326 2561
921 3130 437
922 354 1445
923 2326 3265
924 4763 226
925 2326 2295
926 4737 4259
927 2944 3299
927 2459 425
927 1986 105
927 4558 5991
927 448 2157
927 1005 4234
927 4516 768
927 3582 5774
927 2553 743
927 2029 3850
927 3340 4033
927 2208 992
927 3452 1814
927 520 1132
927 4903 2001
927 1987 3416
927 810 1882
927 2017 5625
927 411 2611
927 4534 5036
927 2683 1089
927 3094 377
927 1923 5075
927 2935 327
927 1546 4543
927 617 5081
927 1980 3887
927 3775 4488
927 2794 3952
927 4895 1639
927 2490 5635
927 502 393
927 2408 737
927 3500 3022
927 2947 645
927 2665 1416
927 1619 1167
927 3338 3818
927 969 4382
927 2105 5710
927 4406 1267
927 1670 1817
927 4733 4292
927 745 5601
927 4820 5698
927 4743 2327
927 2887 4495
927 2725 1623
927 3599 1776
927 3692 5695
927 1257 5523
927 3464 2005
927 4166 2955
927 4839 2790
927 3133 3412
927 2278 3663
927 1173 4176
927 683 3656
927 725 5684
927 3296 139
927 1829 4192
927 1093 2724
927 1065 803
927 1129 2595
927 2391 5065
927 2374 4823
927 4269 4276
927 234 5653
927 2655 2992
927 2961 1982
927 671 3386
927 1445 2981
927 3562 794
927 1457 2802
927 3119 1612
927 3773 1166
927 3080 1007
927 600 2183
927 2702 5623
927 4270 2854
927 3907 5667
927 2576 4252
927 2372 5481
927 3918 962
927 4878 3671
927 3688 4363
927 2869 2320
927 1612 3978
927 199 3990
927 2848 2305
927 1566 1648
927 211 959
927 4093 2753
927 4514 5022
928 595 4562
929 2326 4865
930 569 4379
931 3130 5801
932 3130 5463
933 328 3559
934 354 2172
935 3472 3807
936 737 3525
937 1273 3476
938 133 4837
939 2975 5608
940 509 4560
941 526 2534
942 3130 2659
943 2550 4173
944 2326 2989
945 1367 530
945 2654 2416
945 4835 5365
945 102 2698
945 4223 1704
945 1839 5425
945 872 2615
945 4154 4346
945 2107 3926
945 806 404
945 2610 5045
945 4183 5297
945 3590 4030
945 2393 3269
945 231 3873
945 4750 408
945 3175 589
945 3498 3712
945 3448 1050
945 1858 205
945 4899 1187
945 4219 3627
945 39 116
945 3290 5939
945 601 5825
945 772 509
945 4050 1185
945 3213 1409
945 3418 4920
945 2783 3156
945 4567 1464
945 2234 4009
945 3687 1798
945 2958 5841
945 4342 572
945 1167 4135
945 2570 3475
945 3389 4890
945 3381 2458
945 607 2875
945 1381 5351
945 3964 5319
945 703 5978
945 2933 3560
945 2826 369
945 4287 1459
945 2722 2114
945 1652 2919
945 249 3948
945 4140 967
945 2633 3742
945 387 5097
945 333 2415
945 3446 2948
945 1270 443
945 2682 965
945 1446 1922
945 1905 884
945 4790 328
945 2318 3922
945 3647 3071
945 2059 5616
945 2940 5280
945 120 3311
945 3915 1419
945 2203 2358
945 4162 979
945 842 2258
945 1309 3883
945 3627 628
945 2995 5938
945 3300 4184
945 1321 5986
945 1953 4916
945 70 3891
945 4865 5059
945 864 1131
945 2684 4724
945 3108 2897
945 2118 4782
945 4382 3220
945 4303 5817
945 2685 5136
945 963 2972
945 4466 569
945 609 5486
945 1482 5465
945 2811 2932
945 528 3005
945 4370 4464
945 2196 587
945 2913 3613
945 4544 406
945 2595 4963
945 4687 5443
945 2312 156
945 114 4311
945 2531 5912
945 3711 2964
945 3676 3301
945 2950 648
945 720 1714
945 3347 1361
945 4470 4814
945 4215 4596
945 4147 5440
945 2514 3765
945 2067 3605
945 361 3680
945 3060 3119
945 4416 5767
945 642 209
945 151 3397
945 626 458
945 4804 4423
945 1645 2865
945 3029 1157
945 4925 5871
945 1434 2628
945 1481 2032
945 1709 749
945 901 3421
945 1137 4071
945 1718 4235
945 1596 4955
945 4407 238
945 4485 5485
945 2100 3047
945 2245 2007
945 3255 715
945 3471 1840
945 1638 5852
945 128 4817
945 192 5168
945 1199 4034
945 2238 1492
945 3799 3582
945 2452 4491
945 1675 669
945 2711 2629
945 1624 3101
945 1504 3824
945 4023 3175
945 2112 2414
945 4185 5126
945 3085 3282
945 1059 2728
945 4933 3896
945 4429 5472
945 4593 3051
945 4383 4023
945 3643 2765
945 876 5544
945 1071 3254
945 2495 5115
945 2159 1895
945 2787 4021
945 1418 3569
945 3285 3124
945 4109 3867
945 2147 3015
945 4124 844
945 3478 2543
945 2190 3246
945 331 5189
945 2992 4339
945 2985 2658
945 4208 3429
945 784 313
945 4964 908
945 1894 2419
945 661 1930
945 1475 3174
945 97 5647
945 4127 5921
945 4611 4777
945 4591 3273
945 1018 5830
945 2567 5965
945 702 3599
945 4828 1808
945 3414 3707
945 4846 3318
945 2796 1084
945 3005 2574
945 2618 2105
945 1371 4969
945 3055 4536
945 4318 3387
945 81 1077
945 317 1664
945 2233 5101
945 1676 5749
945 1558 419
945 318 3556
945 2545 1469
945 957 3754
945 2330 2470
945 296 1224
945 3391 767
945 3042 623
945 2005 553
945 4410 911
945 194 1107
945 3715 1204
945 4309 1483
945 64 2259
945 224 501
945 2255 1357
945 291 4054
945 4172 1642
945 1387 2025
945 177 4450
945 165 1754
945 3053 3933
945 123 2766
945 3131 5228
945 4990 5307
945 3999 673
945 3243 784
945 2511 2819
945 2536 3784
945 1654 2818
945 3400 5832
945 900 5205
945 4716 5542
945 4457 4168
945 1020 3580
945 822 1531
945 4528 345
945 3345 4148
945 4314 3144
945 4073 1629
945 3022 2198
945 3716 1110
945 914 3457
945 4311 2703
945 1313 2256
945 3288 2225
945 4588 2045
945 4695 5449
945 1826 2748
945 2526 2297
945 636 4214
945 4599 595
945 3855 1825
945 2768 1828
945 3968 2585
945 602 355
945 1581 3425
945 893 2059
945 2860 2862
945 3518 2307
945 363 3615
945 1662 5737
945 4001 107
945 4623 1488
945 1862 859
945 4700 2916
945 218 3740
945 2941 5785
945 3322 5096
945 305 2122
945 1694 2517
945 958 5240
945 2471 4716
945 402 428
945 4191 100
945 813 2646
945 1300 2562
945 4169 4743
945 2227 1897
945 3401 5342
945 1410 1542
945 2797 518
945 1625 388
945 3233 1159
945 1209 4719
945 1795 5922
945 4415 5215
945 3725 5853
945 4048 1412
945 4845 5520
945 1192 2589
945 1611 374
945 1230 2957
945 4030 3750
945 4936 5337
945 883 3336
945 3373 3432
945 1465 2993
945 2900 1504
945 1010 5454
945 4087 2044
945 1600 481
945 1989 2549
945 904 4249
945 4477 4725
945 2601 2600
945 3130 1885
946 354 2759
947 2752 4643
948 509 3997
949 526 2502
950 2326 3488
951 1367 732
952 3130 2487
953 2951 115
954 3593 1005
955 354 2744
956 509 1559
957 945 3754
