1 302 2220
2 836 2207
3 51 1750
3 508 2565
3 660 2255
3 558 1363
3 191 1760
4 804 891
5 855 2883
6 869 2115
7 464 2089
8 240 2395
8 357 659
9 836 480
10 595 2839
11 288 2555
12 241 736
13 595 2637
14 233 1720
14 60 1250
14 210 2063
14 356 899
14 380 565
14 778 2844
14 745 853
14 625 1614
14 256 1261
14 218 1161
14 597 455
14 609 1239
14 741 354
14 416 1657
14 797 534
14 544 1631
14 209 2151
14 563 195
14 342 1627
14 408 255
14 479 1298
14 972 116
14 828 1064
14 753 2787
14 940 1375
14 790 593
14 304 433
14 892 166
14 193 1403
15 241 2205
16 228 118
17 836 1811
18 99 1169
19 377 343
20 219 419
21 565 194
22 836 1333
23 352 1666
24 433 253
25 595 1533
26 763 188
27 267 2553
28 718 621
29 285 2997
30 565 1219
31 219 1518
32 565 244
33 441 436
33 160 2453
34 302 2655
35 123 886
36 595 2900
37 233 2155
38 288 1790
39 671 1450
40 241 761
40 492 2673
40 53 807
41 595 501
42 99 468
43 288 1200
44 763 2388
45 567 1986
46 228 1878
47 671 1663
48 590 2071
49 590 1442
50 763 759
51 604 531
51 3 1750
52 763 2058
53 40 807
53 665 1312
53 145 2368
53 114 2248
53 463 2567
53 865 393
53 973 357
53 111 687
53 56 2423
53 261 102
53 651 630
53 785 1084
53 875 632
53 588 370
53 81 1578
53 266 1386
53 645 1238
53 589 800
53 903 2440
53 462 2896
53 953 515
53 94 2492
53 794 1677
53 550 2001
53 691 2358
54 595 700
55 590 1017
56 53 2423
57 629 1737
58 214 1628
59 162 1208
60 14 1250
61 590 579
62 590 1879
63 887 590
64 241 1682
65 162 2868
66 590 1758
67 590 1648
68 514 2625
68 841 1024
68 983 2007
69 193 2707
70 241 1893
71 233 2659
72 763 1602
73 763 2055
74 193 530
75 590 2144
76 763 1407
77 228 2387
78 855 1661
79 565 2634
80 228 883
81 53 1578
82 233 503
83 629 820
84 872 618
85 425 1259
86 377 1160
87 233 523
88 671 137
89 377 2304
90 241 1094
91 869 1470
92 590 2317
93 590 2505
94 53 2492
95 671 2490
96 672 366
97 590 330
98 288 941
99 691 216
99 152 2085
99 941 769
99 879 1497
99 42 468
99 18 1169
99 372 1206
99 988 1563
99 600 1522
99 274 2530
99 913 568
99 570 2802
99 869 2809
100 855 938
101 590 666
102 672 2677
103 763 1672
104 601 1620
104 364 289
104 245 2777
104 519 133
104 368 975
104 776 177
104 176 2873
105 228 613
106 241 1713
107 672 323
108 936 1222
109 288 1794
110 228 2644
111 53 687
112 228 2827
113 377 2509
114 53 2248
115 302 943
116 228 2284
117 288 1920
118 936 1243
119 763 2201
120 713 2379
121 241 2415
122 349 1885
123 349 1247
123 184 1098
123 555 2851
123 546 1670
123 495 249
123 177 719
123 35 886
123 280 762
123 676 2953
123 611 1761
123 366 2286
123 799 252
123 281 2871
123 643 2853
123 567 928
124 565 413
125 162 977
126 836 778
127 162 2146
128 763 1153
129 887 2584
130 869 516
131 352 328
132 672 1571
133 241 2263
134 565 219
135 936 1569
136 590 1939
137 836 1668
138 671 2017
139 169 2087
139 561 796
140 241 2935
141 233 2658
142 565 1804
143 672 2322
144 193 940
145 53 2368
146 836 767
147 936 2020
148 288 956
149 288 572
150 162 907
151 672 2500
152 99 2085
153 869 435
154 855 1649
155 228 467
156 936 1056
157 241 535
158 671 640
159 288 889
160 33 2453
160 578 304
161 464 1144
162 706 287
162 893 1788
162 927 1906
162 273 1786
162 961 974
162 456 123
162 386 2959
162 695 1610
162 540 1123
162 422 542
162 457 1006
162 612 2158
162 957 560
162 174 1767
162 59 1208
162 163 2751
162 362 470
162 435 377
162 192 359
162 249 2825
162 65 2868
162 602 2903
162 127 2146
162 969 324
162 313 1579
162 598 138
162 847 2769
162 125 977
162 638 1984
162 545 2420
162 896 1851
162 894 937
162 320 1688
162 279 2478
162 382 2244
162 407 476
162 150 907
162 763 201
163 162 2751
164 869 1368
165 233 2102
166 241 2542
167 936 1050
168 233 1797
169 396 2241
169 681 421
169 139 2087
170 288 662
171 233 916
172 288 1919
173 718 2810
174 162 1767
175 836 588
176 104 2873
176 664 1148
177 123 719
178 565 1398
179 193 2635
180 763 2789
181 565 1315
182 936 261
183 565 552
184 123 1098
185 285 2442
186 836 601
187 228 1493
188 285 1341
189 241 1474
190 193 1678
191 3 1760
191 381 1105
191 694 1824
191 240 2356
192 162 359
193 14 1403
193 642 2529
193 74 530
193 410 641
193 699 2390
193 716 2109
193 633 1181
193 577 2989
193 502 1567
193 702 2864
193 444 1530
193 199 712
193 820 1256
193 631 2562
193 993 1935
193 510 509
193 190 1678
193 383 861
193 69 2707
193 179 2635
193 758 1907
193 144 940
193 978 2033
193 976 1701
193 596 1751
193 918 1372
193 590 1074
194 763 1989
195 425 1430
196 377 2841
197 285 1154
198 869 1045
199 193 712
200 352 2000
201 654 704
202 288 1853
203 763 2867
204 590 1366
205 228 2906
206 377 241
207 671 600
208 228 884
209 14 2151
210 14 2063
211 352 711
212 228 2510
213 466 2938
214 569 1072
214 58 1628
214 739 1739
214 514 2105
215 228 1897
216 288 2202
217 241 856
218 14 1161
219 654 1993
219 20 419
219 31 1518
219 437 1023
219 782 633
220 855 2037
221 836 2260
222 887 461
223 565 2856
224 763 236
225 836 2419
226 604 784
227 228 1156
228 464 1000
228 617 293
228 208 884
228 837 2159
228 715 1836
228 110 2644
228 786 2468
228 810 958
228 80 883
228 155 467
228 227 1156
228 922 190
228 902 1791
228 393 1757
228 212 2510
228 215 1897
228 830 2179
228 260 1517
228 325 1973
228 301 314
228 954 1306
228 105 613
228 553 2237
228 370 318
228 205 2906
228 487 1488
228 748 2834
228 848 1490
228 710 2099
228 77 2387
228 426 1374
228 238 178
228 46 1878
228 897 2398
228 628 2790
228 460 1725
228 262 2806
228 821 2899
228 296 2206
228 680 1823
228 549 898
228 867 1974
228 575 1822
228 16 118
228 949 1119
228 591 2184
228 767 2409
228 624 2447
228 369 2235
228 348 867
228 316 2771
228 112 2827
228 765 1232
228 932 2969
228 840 1554
228 653 2300
228 962 2238
228 187 1493
228 116 2284
228 308 2487
228 401 367
228 272 1539
228 975 2866
229 233 1121
230 565 1202
231 288 1609
232 833 1221
233 565 356
233 878 337
233 473 2855
233 750 1264
233 392 1176
233 979 408
233 708 1013
233 171 916
233 310 1477
233 928 921
233 667 661
233 229 1121
233 333 170
233 846 2180
233 968 2946
233 71 2659
233 987 1922
233 87 523
233 853 651
233 783 1641
233 165 2102
233 82 503
233 263 1426
233 859 744
233 319 2139
233 770 305
233 630 646
233 429 2475
233 488 707
233 639 333
233 721 2671
233 842 1280
233 298 445
233 141 2658
233 547 299
233 947 2036
233 37 2155
233 818 117
233 746 1976
233 168 1797
233 789 1908
233 755 1691
233 14 1720
234 671 2466
235 241 1467
236 514 157
237 288 801
238 228 178
239 936 321
240 191 2356
240 719 1729
240 981 804
240 8 2395
241 763 1301
241 133 2263
241 255 2502
241 287 1262
241 649 2914
241 732 2920
241 474 1031
241 90 1094
241 439 518
241 106 1713
241 980 2100
241 399 2520
241 140 2935
241 795 639
241 329 482
241 217 856
241 64 1682
241 283 2994
241 991 1002
241 121 2415
241 882 327
241 336 2653
241 391 2224
241 166 2542
241 907 1078
241 15 2205
241 70 1893
241 506 1529
241 520 2245
241 683 2737
241 845 1285
241 12 736
241 484 892
241 157 535
241 834 2345
241 726 1413
241 443 466
241 744 159
241 696 1420
241 235 1467
241 826 2772
241 860 791
241 189 1474
241 389 2023
241 40 761
242 599 739
242 951 1638
242 911 493
242 347 231
243 869 1361
244 869 1558
245 104 2777
246 352 2382
247 855 1548
248 290 905
248 440 597
249 162 2825
250 887 2497
251 464 416
252 629 2230
253 595 1917
254 664 1506
255 241 2502
256 14 1261
257 288 1086
258 590 2911
259 836 507
260 228 1517
261 53 102
262 228 2806
263 233 1426
264 887 2534
265 836 2275
266 53 1386
267 576 2325
267 614 1858
267 371 223
267 775 1802
267 646 699
267 504 1081
267 912 2732
267 908 2175
267 27 2553
267 496 1165
268 595 423
269 590 2738
270 887 2830
271 836 1336
272 228 1539
273 162 1786
274 99 2530
275 377 2543
276 832 352
276 607 1817
277 936 1694
278 288 2213
279 162 2478
280 123 762
281 123 2871
282 491 2765
283 241 2994
284 491 494
285 936 2499
285 384 2073
285 527 348
285 185 2442
285 839 2048
285 701 901
285 944 1952
285 917 1664
285 476 1318
285 693 1633
285 423 1958
285 197 1154
285 835 1070
285 663 2199
285 334 2604
285 938 896
285 29 2997
285 635 1090
285 812 1505
285 188 1341
285 728 1613
285 346 2254
285 934 2683
285 884 1082
285 293 909
285 661 2338
285 390 2228
285 632 1857
285 637 959
285 718 2014
286 357 2295
286 572 1267
286 811 878
287 241 1262
288 836 1559
288 610 642
288 149 572
288 874 949
288 419 309
288 231 1609
288 509 808
288 411 2450
288 535 2762
288 626 1798
288 11 2555
288 109 1794
288 257 1086
288 854 2537
288 656 2075
288 445 1300
288 494 2437
288 394 789
288 409 478
288 868 2710
288 327 757
288 478 1114
288 470 2217
288 170 662
288 472 2302
288 659 1501
288 414 1147
288 924 1065
288 727 1829
288 497 1653
288 216 2202
288 898 2067
288 886 623
288 757 1769
288 341 1957
288 700 1646
288 798 859
288 43 1200
288 725 2519
288 714 1605
288 722 2504
288 117 1920
288 237 801
288 525 1679
288 159 889
288 351 266
288 923 842
288 148 956
288 98 941
288 278 2213
288 202 1853
288 711 389
288 507 204
288 172 1919
288 986 2880
288 38 1790
288 557 1486
288 671 2168
289 590 2775
290 561 1117
290 248 905
291 565 1112
292 565 570
293 285 909
294 763 1607
295 629 383
296 228 2206
297 629 540
298 233 445
299 565 2676
300 590 890
301 228 314
302 404 2822
302 613 913
302 516 2892
302 709 2922
302 692 2046
302 1 2220
302 34 2655
302 115 943
302 309 2527
302 679 619
302 754 718
302 584 180
302 876 2402
302 576 1949
303 855 374
304 14 433
305 836 2259
306 466 260
307 603 2533
308 228 2487
309 302 2527
310 233 1477
311 464 2496
312 671 2376
313 162 1579
314 595 1926
315 855 968
316 228 2771
317 869 1145
318 763 1576
319 233 2139
320 162 1688
321 565 2346
322 872 2795
323 565 2736
324 869 1483
325 228 1973
326 671 2296
327 288 757
328 565 1742
329 241 482
330 855 2246
331 763 1059
332 466 2652
333 233 170
334 285 2604
335 763 1184
336 241 2653
337 464 1191
338 836 1406
339 936 2885
340 671 1849
341 288 1957
342 14 1627
343 872 1580
344 869 1597
345 491 495
346 285 2254
347 242 231
347 465 2941
347 604 1479
348 228 867
349 855 390
349 831 1182
349 888 217
349 762 1816
349 122 1885
349 451 948
349 677 1032
349 937 392
349 123 1247
350 936 624
351 288 266
352 374 906
352 485 622
352 246 2382
352 131 328
352 211 711
352 200 2000
352 641 2299
352 23 1666
352 796 399
352 486 2198
352 464 1545
353 836 1371
354 936 441
355 855 1489
356 14 899
357 8 659
357 731 818
357 807 2812
357 286 2295
358 804 2013
359 496 2365
359 737 1472
359 569 752
360 872 2999
361 425 2578
362 162 470
363 887 1735
364 104 289
365 590 2132
366 123 2286
367 975 1671
368 104 975
369 228 2235
370 228 318
371 267 223
372 99 1206
373 629 817
374 352 906
375 595 1251
376 464 1844
377 804 181
377 616 2773
377 669 2016
377 636 1773
377 434 895
377 86 1160
377 89 2304
377 113 2509
377 19 343
377 523 536
377 275 2543
377 573 142
377 196 2841
377 849 1135
377 585 2384
377 206 241
377 601 671
378 565 1151
379 464 1983
380 14 565
381 191 1105
382 162 2244
383 193 861
384 285 2073
385 763 2028
386 162 2959
387 836 1915
388 763 2503
389 241 2023
390 285 2228
391 241 2224
392 233 1176
393 228 1757
394 288 789
395 671 1113
396 992 2039
396 169 2241
397 565 1511
398 672 529
399 241 2520
400 804 154
401 228 367
402 763 2754
403 629 1150
404 887 845
404 302 2822
405 565 256
406 599 1179
407 162 476
408 14 255
409 288 478
410 193 641
411 288 2450
412 763 2072
413 763 2222
414 288 1147
415 887 2256
416 14 1657
417 869 1847
418 836 111
419 288 309
420 671 428
421 464 2718
422 162 542
423 285 1958
424 607 2427
425 983 1821
425 85 1259
425 361 2578
425 195 1430
425 805 848
425 491 1948
426 228 1374
427 466 1551
428 855 1356
429 233 2475
430 763 2886
431 590 2697
432 718 2747
433 782 197
433 670 2077
433 24 253
433 800 504
433 599 2541
434 377 895
435 162 377
436 565 192
437 219 1023
438 629 1785
439 241 518
440 248 597
440 441 1229
441 440 1229
441 33 436
442 629 615
443 241 466
444 193 1530
445 288 1300
446 565 454
447 595 2163
448 811 1401
448 832 819
449 855 2861
450 464 2606
451 349 948
452 836 2316
453 804 1808
454 869 2929
455 836 2314
456 162 123
457 162 1006
458 595 582
459 804 1060
460 228 1725
461 836 230
462 53 2896
463 53 2567
464 352 1545
464 161 1144
464 421 2718
464 605 1987
464 251 416
464 376 1844
464 7 2089
464 337 1191
464 450 2606
464 379 1983
464 311 2496
464 801 2980
464 228 1000
465 347 2941
466 590 1043
466 306 260
466 213 2938
466 966 927
466 427 1551
466 552 816
466 332 2652
466 936 2291
467 887 336
468 590 2433
469 804 396
470 288 2217
471 763 988
472 288 2302
473 233 2855
474 241 1031
475 565 426
476 285 1318
477 869 1979
478 288 1114
479 14 1298
480 832 1137
481 514 2702
482 595 1357
483 855 3000
484 241 892
485 352 622
486 352 2198
487 228 1488
488 233 707
489 595 998
490 836 2086
491 425 1948
491 284 494
491 963 591
491 282 2765
491 766 2469
491 505 2405
491 345 495
491 713 2888
492 40 2673
493 565 1560
494 288 2437
495 123 249
496 267 1165
496 359 2365
497 288 1653
498 836 2267
499 936 608
500 869 1651
501 869 2966
502 193 1567
503 603 155
504 267 1081
505 491 2405
506 241 1529
507 288 204
508 3 2565
509 288 808
510 193 509
511 567 709
512 664 1402
513 590 2167
514 214 2105
514 481 2702
514 236 157
514 68 2625
515 629 1574
516 302 2892
517 565 1936
518 706 2674
519 104 133
520 241 2245
521 664 2721
522 887 2961
523 377 536
524 590 2650
525 288 1679
526 869 2950
527 285 348
528 855 1766
529 671 1933
530 671 415
531 872 731
532 713 313
533 565 514
534 804 1943
535 288 2762
536 599 2819
537 567 2258
538 836 2823
539 833 1947
540 162 1123
541 671 994
542 565 923
543 836 756
544 14 1631
545 162 2420
546 123 1670
547 233 299
548 836 2750
549 228 898
550 53 2001
551 595 2948
552 466 816
553 228 2237
554 833 701
555 123 2851
556 590 1284
557 288 1486
558 3 1363
559 836 1047
560 629 2076
561 139 796
561 290 1117
562 836 1083
563 14 195
564 664 2119
565 671 2758
565 729 1388
565 803 1037
565 323 2736
565 475 426
565 124 413
565 397 1511
565 996 425
565 321 2346
565 378 1151
565 542 923
565 829 112
565 493 1560
565 666 2595
565 533 514
565 933 1809
565 178 1398
565 181 1315
565 788 2319
565 852 1436
565 405 256
565 291 1112
565 436 192
565 926 930
565 328 1742
565 223 2856
565 79 2634
565 593 555
565 134 219
565 843 2588
565 768 2088
565 299 2676
565 21 194
565 582 549
565 647 1895
565 230 1202
565 964 553
565 142 1804
565 32 244
565 446 454
565 517 1936
565 787 257
565 292 570
565 183 552
565 627 1304
565 984 1188
565 30 1219
565 579 966
565 688 1482
565 791 1900
565 233 356
566 671 380
567 123 928
567 760 1342
567 45 1986
567 956 1025
567 774 2597
567 950 919
567 537 2258
567 511 709
567 862 1546
567 672 1875
568 763 2383
569 359 752
569 214 1072
570 99 2802
571 671 1348
572 286 1267
573 377 142
574 763 823
575 228 1822
576 302 1949
576 866 2357
576 703 279
576 640 2350
576 999 2306
576 267 2325
577 193 2989
578 160 304
578 652 281
579 565 966
580 836 1866
581 595 1842
582 565 549
583 763 306
584 302 180
585 377 2384
586 763 844
587 872 1317
588 53 370
589 53 800
590 193 1074
590 48 2071
590 906 2195
590 62 1879
590 55 1017
590 468 2433
590 955 2266
590 300 890
590 136 1939
590 960 1102
590 61 579
590 101 666
590 431 2697
590 67 1648
590 720 911
590 49 1442
590 289 2775
590 92 2317
590 365 2132
590 919 1905
590 66 1758
590 930 202
590 792 2912
590 204 1366
590 513 2167
590 806 2153
590 75 2144
590 685 871
590 258 2911
590 97 330
590 556 1284
590 269 2738
590 93 2505
590 809 165
590 524 2650
590 777 2516
590 466 1043
591 228 2184
592 804 1964
593 565 555
594 804 2315
595 869 1096
595 816 1389
595 482 1357
595 921 151
595 36 2900
595 619 2294
595 375 1251
595 268 423
595 870 500
595 581 1842
595 253 1917
595 41 501
595 864 996
595 773 422
595 54 700
595 489 998
595 447 2163
595 551 2948
595 458 582
595 10 2839
595 856 2657
595 314 1926
595 989 727
595 780 403
595 13 2637
595 25 1533
595 784 1062
595 836 1350
596 193 1751
597 14 455
598 162 138
599 433 2541
599 536 2819
599 406 1179
599 242 739
600 99 1522
601 377 671
601 929 2103
601 104 1620
602 162 2903
603 713 2481
603 503 155
603 307 2533
603 827 145
603 891 1118
604 347 1479
604 226 784
604 51 531
605 464 1987
606 833 1499
607 276 1817
607 424 2427
607 992 334
608 706 1896
609 14 1239
610 288 642
611 123 1761
612 162 2158
613 302 913
614 267 1858
615 629 1274
616 377 2773
617 228 293
618 855 414
619 595 2294
620 763 2288
621 836 2236
622 713 135
623 833 1541
624 228 2447
625 14 1614
626 288 1798
627 565 1304
628 228 2790
629 718 2995
629 734 635
629 914 1581
629 560 2076
629 998 972
629 83 820
629 939 1370
629 687 2923
629 850 2740
629 403 1150
629 657 2371
629 751 971
629 515 1574
629 814 2292
629 252 2230
629 438 1785
629 295 383
629 297 540
629 373 817
629 781 1423
629 442 615
629 57 1737
629 615 1274
629 804 2091
630 233 646
631 193 2562
632 285 1857
633 193 1181
634 763 1582
635 285 1090
636 377 1773
637 285 959
638 162 1984
639 233 333
640 576 2350
641 352 2299
642 193 2529
643 123 2853
644 718 747
645 53 1238
646 267 699
647 565 1895
648 869 376
649 241 2914
650 936 440
651 53 630
652 578 281
653 228 2300
654 891 1717
654 756 2843
654 779 496
654 201 704
654 219 1993
655 869 1570
656 288 2075
657 629 2371
658 869 1130
659 288 1501
660 3 2255
661 285 2338
662 706 1942
663 285 2199
664 176 1148
664 512 1402
664 564 2119
664 521 2721
664 254 1506
664 855 301
665 53 1312
666 565 2595
667 233 661
668 975 1091
669 377 2016
670 433 2077
671 288 2168
671 974 2932
671 819 715
671 735 1122
671 47 1663
671 420 428
671 207 600
671 312 2376
671 942 2393
671 977 1194
671 971 2330
671 772 418
671 529 1933
671 340 1849
671 571 1348
671 95 2490
671 724 798
671 395 1113
671 158 640
671 909 488
671 234 2466
671 39 1450
671 88 137
671 707 1427
671 705 1435
671 530 415
671 326 2296
671 138 2017
671 965 554
671 915 2493
671 566 380
671 541 994
671 565 2758
672 567 1875
672 398 529
672 132 1571
672 151 2500
672 102 2677
672 96 366
672 107 323
672 143 2322
672 887 1997
673 713 2925
674 869 521
675 763 2633
676 123 2953
677 349 1032
678 782 2986
679 302 619
680 228 1823
681 169 421
682 763 2679
683 241 2737
684 869 1384
685 590 871
686 887 2846
687 629 2923
688 565 1482
689 936 2577
690 855 1022
691 53 2358
691 99 216
692 302 2046
693 285 1633
694 191 1824
695 162 1610
696 241 1420
697 887 1669
698 782 439
699 193 2390
700 288 1646
701 285 901
702 193 2864
703 576 279
704 936 991
705 671 1435
706 872 1699
706 717 773
706 733 1414
706 518 2674
706 662 1942
706 608 1896
706 997 2801
706 162 287
707 671 1427
708 233 1013
709 302 2922
710 228 2099
711 288 389
712 975 836
713 491 2888
713 120 2379
713 622 135
713 905 1813
713 532 313
713 673 2925
713 603 2481
714 288 1605
715 228 1836
716 193 2109
717 706 773
718 285 2014
718 982 2172
718 925 2421
718 948 2837
718 817 464
718 28 621
718 173 2810
718 851 1040
718 432 2747
718 644 747
718 629 2995
719 240 1729
720 590 911
721 233 2671
722 288 2504
723 763 2583
724 671 798
725 288 2519
726 241 1413
727 288 1829
728 285 1613
729 565 1388
730 869 519
731 357 818
732 241 2920
733 706 1414
734 629 635
735 671 1122
736 936 2127
737 359 1472
738 869 1419
739 214 1739
740 855 713
741 14 354
742 836 2776
743 869 2967
744 241 159
745 14 853
746 233 1976
747 872 284
748 228 2834
749 869 910
750 233 1264
751 629 971
752 869 1110
753 14 2787
754 302 718
755 233 1691
756 654 2843
757 288 1769
758 193 1907
759 763 813
760 567 1342
761 936 2250
762 349 1816
763 162 201
763 967 1294
763 385 2028
763 583 306
763 331 1059
763 723 2583
763 203 2867
763 76 1407
763 52 2058
763 103 1672
763 430 2886
763 335 1184
763 994 1630
763 50 759
763 224 236
763 413 2222
763 824 703
763 568 2383
763 586 844
763 682 2679
763 675 2633
763 823 932
763 634 1582
763 402 2754
763 73 2055
763 620 2288
763 759 813
763 412 2072
763 180 2789
763 764 2392
763 44 2388
763 471 988
763 294 1607
763 388 2503
763 318 1576
763 945 2030
763 72 1602
763 194 1989
763 771 1532
763 574 823
763 119 2201
763 26 188
763 128 1153
763 241 1301
764 763 2392
765 228 1232
766 491 2469
767 228 2409
768 565 2088
769 836 1411
770 233 305
771 763 1532
772 671 418
773 595 422
774 567 2597
775 267 1802
776 104 177
777 590 2516
778 14 2844
779 654 496
780 595 403
781 629 1423
782 219 633
782 698 439
782 883 1278
782 678 2986
782 433 197
783 233 1641
784 595 1062
785 53 1084
786 228 2468
787 565 257
788 565 2319
789 233 1908
790 14 593
791 565 1900
792 590 2912
793 833 745
794 53 1677
795 241 639
796 352 399
797 14 534
798 288 859
799 123 252
800 433 504
801 464 2980
802 811 2476
803 565 1037
804 629 2091
804 1000 2744
804 863 1339
804 400 154
804 858 1596
804 4 891
804 592 1964
804 534 1943
804 594 2315
804 469 396
804 453 1808
804 358 2013
804 459 1060
804 377 181
805 425 848
806 590 2153
807 357 2812
808 869 2895
809 590 165
810 228 958
811 286 878
811 802 2476
811 448 1401
812 285 1505
813 869 2116
814 629 2292
815 872 1525
816 595 1389
817 718 464
818 233 117
819 671 715
820 193 1256
821 228 2899
822 936 373
823 763 932
824 763 703
825 869 148
826 241 2772
827 603 145
828 14 1064
829 565 112
830 228 2179
831 349 1182
832 448 819
832 480 1137
832 276 352
833 975 1268
833 793 745
833 890 382
833 623 1541
833 539 1947
833 885 2380
833 232 1221
833 889 1076
833 554 701
833 606 1499
833 872 1617
834 241 2345
835 285 1070
836 595 1350
836 621 2236
836 959 1654
836 418 111
836 146 767
836 9 480
836 186 601
836 901 2599
836 305 2259
836 137 1668
836 221 2260
836 353 1371
836 387 1915
836 580 1866
836 861 1307
836 769 1411
836 498 2267
836 175 588
836 844 2166
836 548 2750
836 931 273
836 538 2823
836 259 507
836 943 1612
836 271 1336
836 338 1406
836 452 2316
836 126 778
836 946 874
836 461 230
836 559 1047
836 17 1811
836 543 756
836 22 1333
836 562 1083
836 265 2275
836 742 2776
836 985 772
836 2 2207
836 225 2419
836 455 2314
836 490 2086
836 288 1559
837 228 2159
838 887 1159
839 285 2048
840 228 1554
841 68 1024
842 233 1280
843 565 2588
844 836 2166
845 241 1285
846 233 2180
847 162 2769
848 228 1490
849 377 1135
850 629 2740
851 718 1040
852 565 1436
853 233 651
854 288 2537
855 664 301
855 247 1548
855 355 1489
855 428 1356
855 303 374
855 990 209
855 916 2804
855 958 877
855 100 938
855 5 2883
855 528 1766
855 154 1649
855 449 2861
855 220 2037
855 483 3000
855 78 1661
855 315 968
855 330 2246
855 690 1022
855 618 414
855 740 713
855 349 390
856 595 2657
857 869 2592
858 804 1596
859 233 744
860 241 791
861 836 1307
862 567 1546
863 804 1339
864 595 996
865 53 393
866 576 2357
867 228 1974
868 288 2710
869 99 2809
869 198 1045
869 738 1419
869 164 1368
869 749 910
869 752 1110
869 871 274
869 6 2115
869 648 376
869 920 785
869 417 1847
869 153 435
869 935 2693
869 873 1921
869 825 148
869 880 1404
869 130 516
869 813 2116
869 91 1470
869 684 1384
869 500 1651
869 674 521
869 743 2967
869 995 1469
869 344 1597
869 243 1361
869 501 2966
869 317 1145
869 857 2592
869 324 1483
869 808 2895
869 895 1227
869 952 1409
869 526 2950
869 477 1979
869 877 1003
869 244 1558
869 655 1570
869 730 519
869 454 2929
869 658 1130
869 595 1096
870 595 500
871 869 274
872 833 1617
872 360 2999
872 587 1317
872 322 2795
872 904 1471
872 531 731
872 970 865
872 910 860
872 343 1580
872 815 1525
872 747 284
872 84 618
872 706 1699
873 869 1921
874 288 949
875 53 632
876 302 2402
877 869 1003
878 233 337
879 99 1497
880 869 1404
881 887 1818
882 241 327
883 782 1278
884 285 1082
885 833 2380
886 288 623
887 672 1997
887 881 1818
887 467 336
887 522 2961
887 686 2846
887 697 1669
887 222 461
887 415 2256
887 63 590
887 363 1735
887 270 2830
887 838 1159
887 129 2584
887 264 2534
887 250 2497
887 404 845
888 349 217
889 833 1076
890 833 382
891 603 1118
891 900 737
891 654 1717
892 14 166
893 162 1788
894 162 937
895 869 1227
896 162 1851
897 228 2398
898 288 2067
899 936 2138
900 891 737
901 836 2599
902 228 1791
903 53 2440
904 872 1471
905 713 1813
906 590 2195
907 241 1078
908 267 2175
909 671 488
910 872 860
911 242 493
912 267 2732
913 99 568
914 629 1581
915 671 2493
916 855 2804
917 285 1664
918 193 1372
919 590 1905
920 869 785
921 595 151
922 228 190
923 288 842
924 288 1065
925 718 2421
926 565 930
927 162 1906
928 233 921
929 601 2103
930 590 202
931 836 273
932 228 2969
933 565 1809
934 285 2683
935 869 2693
936 466 2291
936 135 1569
936 499 608
936 339 2885
936 822 373
936 147 2020
936 108 1222
936 899 2138
936 118 1243
936 736 2127
936 156 1056
936 277 1694
936 182 261
936 354 441
936 167 1050
936 350 624
936 761 2250
936 650 440
936 239 321
936 689 2577
936 704 991
936 285 2499
937 349 392
938 285 896
939 629 1370
940 14 1375
941 99 769
942 671 2393
943 836 1612
944 285 1952
945 763 2030
946 836 874
947 233 2036
948 718 2837
949 228 1119
950 567 919
951 242 1638
952 869 1409
953 53 515
954 228 1306
955 590 2266
956 567 1025
957 162 560
958 855 877
959 836 1654
960 590 1102
961 162 974
962 228 2238
963 491 591
964 565 553
965 671 554
966 466 927
967 763 1294
968 233 2946
969 162 324
970 872 865
971 671 2330
972 14 116
973 53 357
974 671 2932
975 228 2866
975 712 836
975 668 1091
975 367 1671
975 833 1268
976 193 1701
977 671 1194
978 193 2033
979 233 408
980 241 2100
981 240 804
982 718 2172
983 68 2007
983 425 1821
984 565 1188
985 836 772
986 288 2880
987 233 1922
988 99 1563
989 595 727
990 855 209
991 241 1002
992 607 334
992 396 2039
993 193 1935
994 763 1630
995 869 1469
996 565 425
997 706 2801
998 629 972
999 576 2306
1000 804 2744
